DDO154		7.67 \pm 0.05		6.68     145.0    2.00
DDO53		7.62 \pm 0.20		6.98      13.8    0.77   
GR8		7.64 \pm 0.04		6.62       8.6    0.464
HoI		7.70 \pm 0.20		7.08      38.9    1.18
HoII		7.93 \pm 0.05		7.96     363.0    1.17
IC1613		7.62 \pm 0.05		6.82     698.0    1.26
IC2574		8.15 \pm 0.11		8.39     447.0    0.97
IC5152		7.92 \pm 0.07		8.11      98.0    0.02
LeoA		7.35 \pm 0.06		5.89      68.4    1.13
M81dwB		7.98 \pm 0.22		7.19       3.8    0.34
NGC1569		8.19 \pm 0.02		8.07      74.1   -0.01
NGC1705		8.21 \pm 0.05		8.13      16.6    0.02
NGC2366		7.91 \pm 0.08		7.91     295.0    1.07
NGC3109		8.06 \pm 0.20		7.41    1110.0    1.39
NGC3738		8.23 \pm 0.01		8.32      21.9   -0.09
NGC4214		8.22 \pm 0.05		8.55     324.0    0.32
NGC4449		8.31 \pm 0.07		9.29     794.0    0.36
NGC5408		7.98 \pm 0.01		8.19      64.6    0.49
NGC5G128	8.05 \pm 0.10		8.44    2679.0    1.15
NGC6822		8.11 \pm 0.10		8.10    2399.0    0.17
PegDIGG128	7.93 \pm 0.13		6.98      22.8   -0.36
SextansA	7.54 \pm 0.06		6.24     208.8    1.83
SextansB	7.53 \pm 0.05		6.86     102.4    0.92
UGC6456		7.69 \pm 0.07		6.90      14.1    1.03
WLMG128		7.83 \pm 0.06		6.88     2998     1.02